ccipca._mean.shape
(1, 112)
normal_data
[[ -3.61956522  -2.61956522  -1.61956522 ...  -2.61956522  -5.61956522
   -1.61956522]
 [ -7.04347826  -7.04347826  -3.04347826 ...  -3.04347826  -9.04347826
   -6.04347826]
 [-13.54347826 -13.54347826 -12.54347826 ... -10.54347826 -13.54347826
  -17.54347826]
 ...
 [-47.7173913  -48.7173913  -45.7173913  ... -57.7173913  -58.7173913
  -57.7173913 ]
 [-56.65217391 -54.65217391 -51.65217391 ... -38.65217391 -41.65217391
  -55.65217391]
 [-60.41304348 -60.41304348 -56.41304348 ...  47.58695652  50.58695652
   46.58695652]]
ccipca._eigenVectors
[[ 1.39978664e+03  5.04900958e+03  1.44730822e+04 ...  4.78266894e+04
   4.58944666e+04 -3.86499931e+04]
 [-1.15970599e-01 -1.06700546e-01  3.17216077e-02 ... -2.92930725e-01
   1.32423481e-01  3.22900673e-01]
 [ 7.85362630e-08  1.23823397e-07 -3.13313306e-08 ... -3.20230188e-07
  -2.94046265e-07 -4.01555999e-08]
 ...
 [ 3.75841028e-22  1.00513523e-23 -4.53648874e-22 ...  8.31123151e-21
   1.70208997e-21 -8.48335846e-21]
 [ 5.45477376e-23 -5.07753648e-23 -6.56804704e-23 ... -2.06751686e-21
  -3.68733055e-22  2.16795380e-21]
 [-1.72948802e-12  5.63822726e-13  3.07020177e-14 ...  2.20894673e-12
  -9.27746800e-12 -1.63996248e-11]]
10
new_data
[[-7.50480737e+02 -6.06279480e+02 -5.34252705e+02 -5.00956466e+02
  -3.97729068e+02 -3.47230365e+02 -3.28345930e+02 -2.84010337e+02
  -2.22406914e+02 -8.86039230e+01 -7.66910148e+01 -1.94065133e+02
  -1.59950732e+02 -8.45752915e+01 -5.04011955e+01 -9.90556478e+01
  -2.64539338e+01 -6.85646953e+01  1.66603595e+01  1.50410723e+02
   1.74000514e+02  1.98269283e+02  2.33522750e+02  2.64033692e+02
   2.84463427e+02  2.89209569e+02  3.19405464e+02  3.29443271e+02
   3.28041358e+02  3.03081262e+02  2.80710405e+02  2.75193404e+02
   2.54586575e+02  2.64259013e+02  2.73310144e+02  2.97956774e+02
   2.93684271e+02  2.73608275e+02  2.62038214e+02  1.97808161e+02
   2.41903871e+02  2.48762450e+02  2.75960907e+02  2.83631246e+02
   2.63960928e+02  2.39975928e+02  1.70969616e+02  1.43999563e+02
   1.24611181e+02  1.15149684e+02  1.11987029e+02  8.49670678e+01
   9.80170756e+01  7.85941350e+01  6.05559215e+01  7.82182861e+01
   7.56044232e+01  1.14026940e+02  1.17664456e+02  1.23296356e+02
   1.25984957e+02  1.24069579e+02  1.24828752e+02  1.27896678e+02
   1.28353549e+02  1.29711077e+02  1.22624410e+02  1.06740844e+02
   1.01467766e+02  1.08933658e+02  1.08243820e+02  1.11168843e+02
   1.07164681e+02  4.60592101e+01  2.92394413e+01  2.20522987e+01
  -3.10252397e+01 -2.16464697e+01 -1.48651711e+02 -2.34571441e+02
  -2.05352286e+02 -1.96164941e+02 -2.30875324e+02 -2.58878667e+02
  -2.89942504e+02 -3.20826447e+02 -3.56216556e+02 -4.29830746e+02
  -4.74563031e+02 -6.08592149e+02 -7.34756321e+02 -8.78146131e+02]
 [ 4.89147722e+01  2.66285485e+02  2.94493648e+02  2.72927859e+02
   2.89190531e+02  2.29231773e+02  2.08448280e+02  1.49448661e+02
   1.71640455e+02  1.96152009e+02  1.82052302e+02  1.53030012e+01
   2.55508839e+01  4.37416062e+01 -1.52761733e+01 -5.08407750e+01
   1.18806110e+02 -1.15537891e+01  2.57978288e+01  9.57321111e+01
   3.22439107e+01 -1.14338104e+01 -3.67086785e+01 -3.61547601e+01
  -6.89664146e+01 -9.88088236e+01 -1.13901972e+02 -1.08280247e+02
  -1.33499214e+02 -1.94875366e+02 -1.99249498e+02 -1.76652299e+02
  -1.70907484e+02 -1.76509909e+02 -1.69744311e+02 -1.63842073e+02
  -1.42658797e+02 -1.41585321e+02 -1.59467986e+02 -2.43319051e+02
  -9.21076113e+01 -4.53707274e+01  1.11257553e-02 -2.11925136e+01
  -8.93332253e+01 -8.37700965e+01 -7.82095837e+01 -8.12437690e+01
  -1.32415363e+02 -1.18660595e+02 -1.15018100e+02 -8.87971860e+01
  -7.78289039e+01 -6.40638075e+01 -7.04683874e+01 -8.95818796e+01
  -8.07152849e+01  7.09818153e+00 -7.13185144e+00 -5.30450912e+01
  -7.42875231e+01 -9.36572603e+01 -8.23181484e+01 -6.09217664e+01
  -4.85206026e+01 -4.25924860e+01 -3.64683381e+01 -4.69020878e+01
  -3.51596937e+01 -1.62839434e+01 -1.86378327e+01  3.91287005e+01
   3.16392562e+01 -8.04678815e+01 -5.19476102e+01 -5.71675836e+01
  -1.47224027e+02 -8.65961579e+01  8.07275822e+01  7.17431345e+01
   6.34539815e+01  1.07125882e+02  1.46276946e+02  1.94698789e+02
   1.84625779e+02  2.15073994e+02  2.11808000e+02  1.95724495e+02
   2.43757587e+02  2.86775190e+02  2.51895764e+02 -5.18194134e+00]
 [-7.83207327e+01 -1.35626250e+01  3.52958562e+01  1.10109681e+02
   2.11593136e+02  2.74700413e+02  2.58023392e+02  2.37193617e+02
   1.66487447e+02  1.28625670e+02  7.78171806e+01  1.91402799e+01
   1.84606593e+01  7.82841378e+01  5.85106780e+01  3.92504227e+01
   4.85879680e+00  2.10197492e+01  1.54368991e+01  6.75524275e+01
   8.69132944e+01  4.88597459e+01  1.43158259e+01 -1.16049919e+00
  -3.21137785e+01 -4.06855868e+01 -5.71134590e+01 -8.21327758e+01
  -8.45732920e+01 -8.07795426e+01 -7.38520726e+01 -6.64773004e+01
  -7.20113016e+01 -8.34375855e+01 -8.95565037e+01 -1.02391202e+02
  -1.24146351e+02 -7.73120099e+01 -7.04688037e+01 -6.56730856e+01
  -6.28732494e+01 -4.78252366e+01 -4.07973327e+01  3.28768760e+01
   2.28469304e+01  1.67755041e+00 -4.76694466e+01 -7.01943443e+01
  -5.12387961e+01 -8.53618008e+01 -1.12476690e+02 -1.24714905e+02
  -9.80657540e+01 -7.43485319e+01 -7.53242419e+01 -7.10160198e+01
  -8.44574880e+01 -1.05499816e+02 -8.39267118e+01 -5.75076910e+01
  -6.30136112e+01 -5.49245843e+01 -5.13285458e+01 -3.40437813e+01
  -2.34656960e+01 -2.00335653e+01 -1.94787270e+01 -1.65402806e+01
  -5.28726978e+00 -2.94419865e+00 -7.60845112e+00 -2.43843217e+01
  -3.05773657e+00 -6.19681013e+00 -6.00442667e+01 -3.42212100e+01
  -8.99173696e+00  4.21655954e+00  9.39099517e+01  1.28661539e+02
   1.19307034e+02  8.94219791e+01  4.72219018e+01  4.15082695e+01
   3.75604889e+01  7.58503553e+01  1.30294574e+02  1.69625050e+02
   2.01361510e+02  7.84149008e+01 -1.05364176e+02 -1.17209245e+02]
 [ 8.12984430e-01 -1.18936415e+01 -4.84588290e+01 -8.54309699e+01
   1.35323054e+01  9.89093631e+01  7.86382560e+01  1.40653359e+02
   4.09707721e+01  5.43585081e+01  8.40859901e+01  5.45427223e+01
   3.43439702e+01  6.10041744e+00 -5.79655192e+00  6.74434685e+01
   7.83757676e+01  6.33343939e+01  5.84669515e+00  7.22733949e+00
   1.66931873e+01 -3.15804687e+00 -1.91670505e+00  1.11385624e+01
  -2.26212559e+00  2.85511222e+00 -1.44494085e+01 -1.82346954e+01
  -1.84175283e+01 -3.71418187e+01 -4.65450778e+01 -4.94846309e+01
  -4.37910396e+01 -5.69737513e+01 -6.97076194e+01 -3.51738306e+01
  -1.71010889e+01 -3.28492574e+00 -1.25608127e+01 -7.66720525e+01
  -1.25393050e+02 -1.41483337e+02 -9.56425940e+01 -6.84937516e+01
  -4.48268147e+01 -7.56546232e+01 -1.14396404e+02 -1.18843220e+02
  -7.56722625e+01 -7.55388158e+01 -4.27505654e+01 -5.50065350e+01
  -5.32121751e+01 -3.43420260e+01 -2.23514786e+01 -5.97810988e+00
   2.05035144e+01  2.63009399e+01  1.44410322e+01  2.87085331e+01
   1.26391109e+01 -2.78861977e+00 -1.58732423e+00  1.79988017e+00
   5.41014046e+00  2.33614973e+01  2.42808018e+01  3.75495374e+01
   4.73708370e+01  4.16074966e+01  5.35532377e+01  6.95093491e+01
   4.20004109e+01  2.74790074e+00  1.74472770e+01  9.25479810e+00
  -1.54022821e+01 -3.90710663e+01  2.51089002e+01  3.13523501e+01
   8.78469179e+01  5.74609063e+01 -1.00866374e+01 -2.12523949e+01
   1.73643423e+01  2.60630111e+01  8.86774090e+01  1.60719109e+02
   1.41222743e+02 -8.00058809e+01 -1.37964494e+00  5.44960598e+00]
 [-4.41713239e+01 -2.48502577e+00  6.35194378e+00  3.49915811e+01
   1.61149668e+01  4.25982845e+01  5.20554907e+01  3.27162088e+01
   9.89412639e+01  9.50583578e+01  6.73106810e+01  3.15987550e+01
  -7.30340523e+00 -3.77463907e+01 -4.37716785e+00 -8.95005259e+01
  -4.68074276e+01 -1.34716015e+01 -2.88626118e+01 -4.02700423e+01
  -5.43416972e+01  2.75131401e+01  6.83198806e+01  8.31975470e+00
  -5.16208669e+01 -1.62266262e+02 -6.57217860e+01 -4.63337733e+01
  -5.58951408e+01 -6.41023382e+01 -5.75312678e+01 -4.71833910e+01
  -5.67905878e+01 -3.41947355e+01 -4.48249132e+01 -5.88103681e+01
  -7.35051508e+01 -9.16929258e+01 -1.16329851e+02 -9.65710370e+01
  -5.11615153e+01 -1.93661385e+01 -9.43716325e+00 -1.02021737e+00
  -3.84800029e+01 -3.49527565e+01 -5.20229362e+01 -7.13081937e+01
  -5.50133191e+01 -3.33810407e+01 -3.25857933e+01 -2.86101747e+01
  -3.14812640e+01 -2.15682276e+01 -1.29156658e+01 -2.66351394e+01
  -3.53633451e+01 -1.44795931e+01 -6.15124481e+00 -2.36769207e+01
  -2.59072931e+01 -1.95312369e+01 -2.17705868e+01 -1.64180574e+01
  -1.27847520e+01  4.92914141e+00  1.76867875e+01  1.78054932e+01
   1.80217323e+01  1.95518265e+01  1.99027246e+01  2.21365249e+01
   1.50778548e+01  6.48565384e+00  1.14793978e+01  1.42551594e+01
   1.99059536e+00 -6.08943071e+01 -1.56140251e+01  1.21354810e+01
   6.84555193e+01  1.14293510e+02  1.71292783e+02  1.99678818e+02
   2.78280861e+02  2.94030434e+02  2.65269705e+02  4.95451689e+01
   3.67701321e+01  3.62177627e+01  2.16913375e+01 -3.36321889e+01]
 [ 3.55991838e+00 -2.01435257e+01 -3.95641205e+01 -6.97418600e+01
  -4.06289512e+01 -3.63714878e+01 -2.40627715e+01  7.70952541e+01
   4.99523171e+01  3.10980128e+01  2.36653713e+01 -1.74614985e+01
  -3.08051967e+01 -1.94429095e+01  2.45024750e+00  2.35963247e+01
   2.56715124e+01 -1.38762612e+01  9.40097613e+00 -7.84220645e+00
   1.65059106e+01  5.19387650e+01 -1.05503827e+00 -1.16020277e+01
  -3.80405303e+01 -7.42335218e+01 -7.00438976e+01 -3.28152554e+01
  -4.86633764e+01 -5.02461002e+01 -5.44437372e+01 -4.94278336e+01
  -5.33768836e+01 -4.60955290e+01 -2.22108131e+01 -2.17099279e+01
  -1.30999252e+01  2.19510480e+01  3.48403024e+01 -3.87974940e+00
  -1.08604172e+01 -2.00483019e+01 -1.67492658e+01 -9.67325854e+00
  -2.23069040e+01 -3.61818623e+01 -2.69567989e+01 -2.04945798e+01
   6.94834047e+00 -1.96818933e+01 -1.10113679e+01 -1.71615152e+00
  -3.42878883e+00  1.32366873e+01  1.02342906e+01  1.95273794e+00
   1.06882125e+01 -5.19349420e+01 -3.63801852e+01 -2.53245822e+01
   1.31815711e+00  9.65241340e-01 -2.63004253e+00  3.00959998e+00
   2.31480411e+00  3.66691568e+00  5.63904555e+00  5.92630417e+00
   6.13459896e+00  3.74115645e+00  7.84454339e+00  2.26744499e+01
   1.05723706e+01 -1.41990470e+01 -2.28838472e+01  1.52755210e+01
   1.00126168e+01 -2.44011787e+01  4.96906448e+00  3.00972809e-01
   5.06906613e+01  8.69558395e+01  7.20055550e+01  7.73697442e+01
   9.47891286e+01  1.15665378e+02  1.26224681e+02  1.56641457e+02
  -3.92847298e+01 -1.98609286e+01  4.06444906e+00  4.33355243e+01]
 [-1.11599084e+02 -1.02686919e+02 -1.02601056e+02 -6.77681836e+01
  -9.36240953e+01 -1.03319864e+02 -8.26403354e+01 -8.02263985e+01
  -8.88809721e+01 -9.23936978e+01 -1.00492018e+02 -1.29401024e+02
  -1.24891755e+02 -9.84775266e+01 -1.31221266e+02 -1.14135066e+02
  -7.68553852e+01 -9.17963324e+01 -2.05508852e+01  2.24478218e+01
   8.98752824e+00 -1.58471732e+01  1.78350771e+01  9.55418401e+01
   8.38190259e+01  2.36581831e+01  4.97137491e+01  6.65355495e+01
   6.17873761e+01  5.62882308e+01  7.52262593e+01  7.49326357e+01
   6.67625764e+01  6.53078983e+01  6.25178038e+01  6.79137998e+01
   8.59949619e+01  6.92653670e+01  5.75493471e+01  4.69873557e+01
   8.74126951e+01  1.24251460e+02  1.40012605e+02  1.31188584e+02
   8.66405635e+01  7.51888701e+01  6.34690390e+01  6.40830920e+01
   8.94512329e+01  7.27774260e+01  6.51666483e+01  9.93450808e+01
   9.83328210e+01  9.61902390e+01  8.77350117e+01  7.79866938e+01
   8.46121299e+01  4.04089880e+01  1.72111162e+01  1.33697559e+01
   3.12139137e+01  2.20189083e+01  2.61174708e+01  1.77083949e+01
   1.18705062e+01  5.21198019e+00 -3.01662127e+00 -1.04780365e+00
   2.62991476e+00 -1.67987625e-01  5.39745108e+00  2.55132890e+01
   2.37895302e+01 -1.06457350e+01  7.75903906e-01  8.94247451e+00
  -1.94892667e+01  6.56003955e+00 -9.35855442e+01 -1.10189502e+02
  -1.08969299e+02 -1.54086699e+02 -1.35199226e+02  4.70854643e+01
   5.94531570e+01 -1.90033983e+01 -8.57133383e+01 -1.03752623e+02
  -1.01357417e+02 -9.67133550e+01 -8.79216174e+01 -1.07926366e+02]
 [ 8.60322832e+01  4.28658830e+01  4.14911272e+01  7.87375246e+00
  -1.81290673e+01 -3.81225202e+01 -7.49192710e+00 -5.79675803e+00
   6.67465608e+00  4.07161128e+01  4.70324454e+01  8.29564043e+01
   7.47325050e+01  5.76254013e+01  5.13224142e+01  7.21396037e+01
   5.23005077e+01  4.92134163e+01  7.81971650e+00 -3.52590797e+01
  -9.98022590e+01 -8.46127950e+01 -7.57350792e+00  1.80075711e+01
  -5.69130497e+01 -7.80418519e+01 -3.29818654e-01 -1.41536550e+01
  -1.13974846e+01 -7.98189114e+00 -1.78706661e+01 -1.82746419e+01
  -2.04314809e+01 -9.97825760e+00 -1.62825208e+01 -2.61595158e+01
  -2.73815924e+01 -7.50919674e+00 -6.63467351e+00  5.34553988e+00
  -2.09779178e+01 -4.35508089e+01 -4.57088354e+01 -7.86217950e+01
  -5.90953571e+01 -6.41454742e+01 -3.49617822e+01 -2.54174227e+01
  -4.57522686e+01 -4.62560705e+01 -4.18150379e+01 -5.68687626e+01
  -5.94810625e+01 -5.56126620e+01 -4.42876027e+01 -4.08423120e+01
  -2.95632999e+01 -2.22800691e+01 -2.60502326e+01 -3.23953989e+01
  -1.71824702e+01 -1.59952065e+01 -4.65507326e+00 -2.85499913e+00
   1.14841899e+01  1.12128902e+01  1.00500890e+01  9.26404769e+00
   7.13118426e+00  2.12273758e+00 -2.32418559e-01  1.03139261e+00
   6.02944714e+00  3.42161525e+00  1.32575774e+01  2.24512175e+01
   3.39932665e+01  2.90487655e+01  2.77790590e+01  2.06340276e+01
   6.26175945e+01  1.17901005e+02  1.42767805e+02  9.76611649e+01
   1.93555463e+02  7.48364453e+01 -1.73686918e+01 -5.39690771e+01
  -5.55984140e+01 -3.65541198e+01  5.73211735e+00  4.60904114e+01]
 [ 6.18226448e+00  1.18060992e+01  4.73780291e+01  3.65551960e+01
  -3.50279058e+01 -6.98807537e+01 -6.97568656e+01 -4.71461040e+01
   9.15494085e+00  4.62845012e+01  2.56803670e+01  1.25983127e+01
   3.84340227e+01 -1.39842965e+01  3.23925958e+01  1.74845064e+01
   3.75174768e+01  9.53602659e+00  1.43450262e+01 -2.69873687e+01
  -2.91078037e+01 -5.31382351e+01 -5.57276912e+01  3.52004156e+00
  -3.02299634e+01 -5.18092859e+01 -1.72234087e+00  1.07058799e+01
   7.37196222e+00 -4.76222901e+00 -2.99032945e+00 -3.92238798e+00
  -9.04041533e+00 -1.66195618e+01 -1.26641701e+01 -3.00506843e+01
  -2.51751102e+01 -3.24694619e+01 -4.95931812e+00 -3.96150692e+00
   3.41332616e+01  5.88239575e+01  6.12134922e+01  2.11397663e+01
   4.69763086e+00 -6.71844826e+00  1.82292565e+01 -8.79959037e+00
  -2.49500480e+01 -1.41842837e+01 -1.40400457e+01 -1.40885729e+01
  -2.21331168e+01 -3.17982919e+01 -5.26225910e+01 -5.35926571e+01
  -6.50651280e+01 -1.18806752e+01 -6.28573271e+00 -2.48284533e+01
  -3.86908057e+01 -3.26287109e+01 -2.87565193e+01 -1.93593546e+01
  -1.57479134e+01 -2.42646461e+01 -2.18132099e+01 -2.58524253e+01
  -2.82009222e+01 -2.53227503e+01 -2.87596123e+01 -1.72991455e+01
  -5.71410847e+00 -1.09351238e+01 -3.45741465e+00  2.63006905e+00
  -3.38878238e-01  1.05467574e+01 -2.11036924e+01 -2.25484921e+01
   3.39833798e+01  1.26986392e+02  1.92378587e+02  2.47999244e+02
   1.02528094e+02  8.12217285e+01 -6.00971794e+01 -2.24141189e+01
  -2.40142691e+01  4.54186309e+01  3.86141277e+01  1.19490927e+01]
 [ 4.20418552e+01  4.66580704e+01  4.20105958e+01  1.66168948e+01
   4.24753689e+01  4.09249573e+01  4.67864019e+01  6.23154104e+01
   3.77894471e+01  2.79578493e+01  4.25537929e+01  3.99984752e+01
  -2.12276260e+01  5.25361436e+01 -3.42841691e+01  5.92515700e+00
  -1.14954640e+01 -5.82624797e+00 -1.31182598e+00 -7.74774098e+00
  -3.25368068e+01 -8.73658026e+01 -1.33372945e+02 -8.49769979e+01
  -2.31474011e+01  5.18782039e-01 -7.22971022e+00 -1.90591942e+01
  -2.66452286e+01 -2.17598401e+01 -2.17769016e+01 -3.44719288e+01
  -3.65718272e+01 -2.61744517e+01 -2.49482170e+01 -1.71283633e+01
  -2.31951198e+01  1.25075378e+01 -8.53921213e+00 -2.96737633e+00
   5.16580356e+00  7.02237139e+00 -1.39583815e+01 -1.81802271e+01
  -1.39101836e+01 -2.66296023e+01 -3.65917902e+01 -5.55705302e+00
   7.80190324e+00 -1.89727730e+01 -5.73657035e+01 -7.14761016e+01
  -6.61796864e+01 -5.46116217e+01 -4.30752748e+01 -3.70518134e+01
  -2.71907978e+01 -9.62008377e+00  3.62737079e+00  3.70303929e+00
  -8.57844892e+00 -7.97353596e+00 -3.98974498e+00  4.03303194e+00
   5.12016438e+00  1.45154593e+01  2.01201822e+01  3.07233195e+01
   3.59002408e+01  2.89935667e+01  2.85013176e+01  2.23656768e+01
   1.58036943e+01  2.47324832e+01  2.36332346e+01  1.01820389e+01
   2.40536589e+01  5.19127984e+01  4.26349164e+01  4.10133787e+01
   5.66153865e+01  2.01378911e+01  1.16534858e+02  9.25641422e+01
   1.58453383e+01 -1.11051642e+02 -1.27242213e+01  1.37074204e+01
   1.58321323e+01  3.54662668e+00  2.05018385e+00  1.04387152e+01]]
rec_data
[[ 36.28203272  33.12296484  34.39664851 ...  34.80217446  32.20416624
   36.27073531]
 [ 34.27674628  33.38036785  35.14904205 ...  36.05426075  29.8650367
   32.94780547]
 [ 32.37343204  37.73693471  39.98196904 ...  40.3618398   35.60285712
   29.74715965]
 ...
 [ 56.93567236  60.24572033  58.69926213 ...  37.73487414  43.74295857
   37.54079608]
 [ 46.36477076  58.54064556  59.00863813 ...  68.13461068  69.71941535
   54.83592407]
 [ 92.40238929 109.72738388 116.31817833 ... 166.50641786 157.25631718
  131.78282655]]
data
[[ 35  36  37 ...  36  33  37]
 [ 35  35  39 ...  39  33  36]
 [ 36  36  37 ...  39  36  32]
 ...
 [ 39  38  41 ...  29  28  29]
 [ 34  36  39 ...  52  49  35]
 [ 36  36  40 ... 144 147 143]]
(1, 112)
